Split-1: [5, 2, 4, 7, 1, 3, 2, 6] => [5, 2, 4, 7] , [1, 3, 2, 6]
Split-2: [5, 2, 4, 7] => [5, 2] , [4, 7]
Split-3: [5, 2] => [5] , [2]
Merge-1: [5] , [2] => [2, 5]
Split-4: [4, 7] => [4] , [7]
Merge-2: [4] , [7] => [4, 7]
Merge-3: [2, 5] , [4, 7] => [2, 4, 5, 7]
Split-5: [1, 3, 2, 6] => [1, 3] , [2, 6]
Split-6: [1, 3] => [1] , [3]
Merge-4: [1] , [3] => [1, 3]
Split-7: [2, 6] => [2] , [6]
Merge-5: [2] , [6] => [2, 6]
Merge-6: [1, 3] , [2, 6] => [1, 2, 3, 6]
Merge-7: [2, 4, 5, 7] , [1, 2, 3, 6] => [1, 2, 2, 3, 4, 5, 6, 7]
Sorted array: [1, 2, 2, 3, 4, 5, 6, 7] 
